### header ###
redshift to distance conversion with flat LCDM:
Omega_m = 0.3 H_0 = 100
survey_z = 0.57
############################
Nmock = 50000
dk' = 0.0005
############################
5 columns: k' |W(k')|^2_0 |W(k')|^2_2 |W(k')|^2_4 |W(0)|^2
### header ###
0.00025 1.06394e+07 165158 0 1.08283e+07
0.00075 9.24957e+06 1.32967e+06 0 1.08283e+07
0.00125 7.02943e+06 2.9567e+06 0 1.08283e+07
0.00175 4.75053e+06 4.15949e+06 0 1.08283e+07
0.00225 2.97416e+06 4.45402e+06 0 1.08283e+07
0.00275 1.85154e+06 3.95598e+06 0 1.08283e+07
0.00325 1.22258e+06 3.12193e+06 0 1.08283e+07
0.00375 851443 2.35024e+06 0 1.08283e+07
0.00425 590927 1.78086e+06 0 1.08283e+07
0.00475 398588 1.36228e+06 0 1.08283e+07
0.00525 271705 1.01517e+06 0 1.08283e+07
0.00575 197424 717838 0 1.08283e+07
0.00625 150806 486303 0 1.08283e+07
0.00675 113330 326848 0 1.08283e+07
0.00725 80355.3 222759 0 1.08283e+07
0.00775 54135.5 151223 0 1.08283e+07
0.00825 35708.9 98442.5 0 1.08283e+07
0.00875 23404.2 59614.6 0 1.08283e+07
0.00925 15125 32560 0 1.08283e+07
0.00975 9667.36 14723 0 1.08283e+07
0.01025 6334.52 3729.92 0 1.08283e+07
0.01075 4435.45 -2090.04 0 1.08283e+07
0.01125 3356.13 -4126.57 0 1.08283e+07
0.01175 2742.11 -3756.21 0 1.08283e+07
0.01225 2445.76 -2129.64 0 1.08283e+07
0.01275 2380.47 -15.9709 0 1.08283e+07
0.01325 2455.27 2101.75 0 1.08283e+07
0.01375 2577.6 3921.23 0 1.08283e+07
0.01425 2670.24 5298.05 0 1.08283e+07
0.01475 2688.43 6200.5 0 1.08283e+07
0.01525 2624.46 6635.7 0 1.08283e+07
0.01575 2489.38 6629.03 0 1.08283e+07
0.01625 2293.21 6246.58 0 1.08283e+07
0.01675 2046.56 5589.18 0 1.08283e+07
0.01725 1770.39 4755.73 0 1.08283e+07
0.01775 1491.25 3827.79 0 1.08283e+07
0.01825 1227.17 2881.88 0 1.08283e+07
0.01875 984.197 1993.93 0 1.08283e+07
0.01925 765.172 1223.96 0 1.08283e+07
0.01975 576.737 602.203 0 1.08283e+07
0.02025 427.833 131.017 0 1.08283e+07
0.02075 324.465 -202.482 0 1.08283e+07
0.02125 265.95 -413.002 0 1.08283e+07
0.02175 243.99 -509.773 0 1.08283e+07
0.02225 245.062 -499.557 0 1.08283e+07
0.02275 255.741 -396.318 0 1.08283e+07
0.02325 267.734 -227.065 0 1.08283e+07
0.02375 278.974 -27.6738 0 1.08283e+07
0.02425 290.656 167.122 0 1.08283e+07
0.02475 303.145 331.926 0 1.08283e+07
0.02525 314.206 453.214 0 1.08283e+07
0.02575 320.56 526.443 0 1.08283e+07
0.02625 320.574 551.264 0 1.08283e+07
0.02675 314.683 529.864 0 1.08283e+07
0.02725 303.06 469.443 0 1.08283e+07
0.02775 284.111 383.322 0 1.08283e+07
0.02825 256.382 286.31 0 1.08283e+07
0.02875 221.444 188.707 0 1.08283e+07
0.02925 183.77 95.8889 0 1.08283e+07
0.02975 148.01 12.0578 0 1.08283e+07
0.03025 117.495 -59.0035 0 1.08283e+07
0.03075 95.0645 -116.801 0 1.08283e+07
0.03125 83.1041 -163.611 0 1.08283e+07
0.03175 81.3744 -198.642 0 1.08283e+07
0.03225 85.8852 -215.245 0 1.08283e+07
0.03275 91.6737 -207.187 0 1.08283e+07
0.03325 96.6614 -176.776 0 1.08283e+07
0.03375 101.669 -133.691 0 1.08283e+07
0.03425 106.96 -86.1653 0 1.08283e+07
0.03475 110.601 -36.8523 0 1.08283e+07
0.03525 110.844 12.0761 0 1.08283e+07
0.03575 108.502 54.2383 0 1.08283e+07
0.03625 105.589 82.8221 0 1.08283e+07
0.03675 102.614 96.66 0 1.08283e+07
0.03725 98.7186 99.0293 0 1.08283e+07
0.03775 93.6335 92.3601 0 1.08283e+07
0.03825 87.3724 78.7587 0 1.08283e+07
0.03875 78.2556 64.7113 0 1.08283e+07
0.03925 64.0308 58.4679 0 1.08283e+07
0.03975 46.2112 59.7722 0 1.08283e+07
0.04025 31.0436 57.3236 0 1.08283e+07
0.04075 23.7967 41.6083 0 1.08283e+07
0.04125 23.0105 17.6999 0 1.08283e+07
0.04175 22.7482 -0.125071 0 1.08283e+07
0.04225 20.2687 -5.5667 0 1.08283e+07
0.04275 18.9896 -6.34157 0 1.08283e+07
0.04325 23.2377 -12.077 0 1.08283e+07
0.04375 32.3457 -21.7363 0 1.08283e+07
0.04425 41.5257 -26.4412 0 1.08283e+07
0.04475 47.1049 -20.8463 0 1.08283e+07
0.04525 48.909 -6.99904 0 1.08283e+07
0.04575 48.237 11.0575 0 1.08283e+07
0.04625 45.8849 30.9296 0 1.08283e+07
0.04675 42.6871 49.4274 0 1.08283e+07
0.04725 40.1197 61.3097 0 1.08283e+07
0.04775 38.9353 63.6875 0 1.08283e+07
0.04825 37.9124 59.6795 0 1.08283e+07
0.04875 35.1932 54.802 0 1.08283e+07
0.04925 30.7309 50.3251 0 1.08283e+07
0.04975 26.5351 42.4228 0 1.08283e+07
0.05025 0 0 0 1.08283e+07
0.05075 0 0 0 1.08283e+07
0.05125 0 0 0 1.08283e+07
0.05175 0 0 0 1.08283e+07
0.05225 0 0 0 1.08283e+07
0.05275 0 0 0 1.08283e+07
0.05325 0 0 0 1.08283e+07
0.05375 0 0 0 1.08283e+07
0.05425 0 0 0 1.08283e+07
0.05475 0 0 0 1.08283e+07
0.05525 0 0 0 1.08283e+07
0.05575 0 0 0 1.08283e+07
0.05625 0 0 0 1.08283e+07
0.05675 0 0 0 1.08283e+07
0.05725 0 0 0 1.08283e+07
0.05775 0 0 0 1.08283e+07
0.05825 0 0 0 1.08283e+07
0.05875 0 0 0 1.08283e+07
0.05925 0 0 0 1.08283e+07
0.05975 0 0 0 1.08283e+07
0.06025 0 0 0 1.08283e+07
0.06075 0 0 0 1.08283e+07
0.06125 0 0 0 1.08283e+07
0.06175 0 0 0 1.08283e+07
0.06225 0 0 0 1.08283e+07
0.06275 0 0 0 1.08283e+07
0.06325 0 0 0 1.08283e+07
0.06375 0 0 0 1.08283e+07
0.06425 0 0 0 1.08283e+07
0.06475 0 0 0 1.08283e+07
0.06525 0 0 0 1.08283e+07
0.06575 0 0 0 1.08283e+07
0.06625 0 0 0 1.08283e+07
0.06675 0 0 0 1.08283e+07
0.06725 0 0 0 1.08283e+07
0.06775 0 0 0 1.08283e+07
0.06825 0 0 0 1.08283e+07
0.06875 0 0 0 1.08283e+07
0.06925 0 0 0 1.08283e+07
0.06975 0 0 0 1.08283e+07
0.07025 0 0 0 1.08283e+07
0.07075 0 0 0 1.08283e+07
0.07125 0 0 0 1.08283e+07
0.07175 0 0 0 1.08283e+07
0.07225 0 0 0 1.08283e+07
0.07275 0 0 0 1.08283e+07
0.07325 0 0 0 1.08283e+07
0.07375 0 0 0 1.08283e+07
0.07425 0 0 0 1.08283e+07
0.07475 0 0 0 1.08283e+07
0.07525 0 0 0 1.08283e+07
0.07575 0 0 0 1.08283e+07
0.07625 0 0 0 1.08283e+07
0.07675 0 0 0 1.08283e+07
0.07725 0 0 0 1.08283e+07
0.07775 0 0 0 1.08283e+07
0.07825 0 0 0 1.08283e+07
0.07875 0 0 0 1.08283e+07
0.07925 0 0 0 1.08283e+07
0.07975 0 0 0 1.08283e+07
0.08025 0 0 0 1.08283e+07
0.08075 0 0 0 1.08283e+07
0.08125 0 0 0 1.08283e+07
0.08175 0 0 0 1.08283e+07
0.08225 0 0 0 1.08283e+07
0.08275 0 0 0 1.08283e+07
0.08325 0 0 0 1.08283e+07
0.08375 0 0 0 1.08283e+07
0.08425 0 0 0 1.08283e+07
0.08475 0 0 0 1.08283e+07
0.08525 0 0 0 1.08283e+07
0.08575 0 0 0 1.08283e+07
0.08625 0 0 0 1.08283e+07
0.08675 0 0 0 1.08283e+07
0.08725 0 0 0 1.08283e+07
0.08775 0 0 0 1.08283e+07
0.08825 0 0 0 1.08283e+07
0.08875 0 0 0 1.08283e+07
0.08925 0 0 0 1.08283e+07
0.08975 0 0 0 1.08283e+07
0.09025 0 0 0 1.08283e+07
0.09075 0 0 0 1.08283e+07
0.09125 0 0 0 1.08283e+07
0.09175 0 0 0 1.08283e+07
0.09225 0 0 0 1.08283e+07
0.09275 0 0 0 1.08283e+07
0.09325 0 0 0 1.08283e+07
0.09375 0 0 0 1.08283e+07
0.09425 0 0 0 1.08283e+07
0.09475 0 0 0 1.08283e+07
0.09525 0 0 0 1.08283e+07
0.09575 0 0 0 1.08283e+07
0.09625 0 0 0 1.08283e+07
0.09675 0 0 0 1.08283e+07
0.09725 0 0 0 1.08283e+07
0.09775 0 0 0 1.08283e+07
0.09825 0 0 0 1.08283e+07
0.09875 0 0 0 1.08283e+07
0.09925 0 0 0 1.08283e+07
0.09975 0 0 0 1.08283e+07
0.10025 0 0 0 1.08283e+07
0.10075 0 0 0 1.08283e+07
0.10125 0 0 0 1.08283e+07
0.10175 0 0 0 1.08283e+07
0.10225 0 0 0 1.08283e+07
0.10275 0 0 0 1.08283e+07
0.10325 0 0 0 1.08283e+07
0.10375 0 0 0 1.08283e+07
0.10425 0 0 0 1.08283e+07
0.10475 0 0 0 1.08283e+07
0.10525 0 0 0 1.08283e+07
0.10575 0 0 0 1.08283e+07
0.10625 0 0 0 1.08283e+07
0.10675 0 0 0 1.08283e+07
0.10725 0 0 0 1.08283e+07
0.10775 0 0 0 1.08283e+07
0.10825 0 0 0 1.08283e+07
0.10875 0 0 0 1.08283e+07
0.10925 0 0 0 1.08283e+07
0.10975 0 0 0 1.08283e+07
0.11025 0 0 0 1.08283e+07
0.11075 0 0 0 1.08283e+07
0.11125 0 0 0 1.08283e+07
0.11175 0 0 0 1.08283e+07
0.11225 0 0 0 1.08283e+07
0.11275 0 0 0 1.08283e+07
0.11325 0 0 0 1.08283e+07
0.11375 0 0 0 1.08283e+07
0.11425 0 0 0 1.08283e+07
0.11475 0 0 0 1.08283e+07
0.11525 0 0 0 1.08283e+07
0.11575 0 0 0 1.08283e+07
0.11625 0 0 0 1.08283e+07
0.11675 0 0 0 1.08283e+07
0.11725 0 0 0 1.08283e+07
0.11775 0 0 0 1.08283e+07
0.11825 0 0 0 1.08283e+07
0.11875 0 0 0 1.08283e+07
0.11925 0 0 0 1.08283e+07
0.11975 0 0 0 1.08283e+07
0.12025 0 0 0 1.08283e+07
0.12075 0 0 0 1.08283e+07
0.12125 0 0 0 1.08283e+07
0.12175 0 0 0 1.08283e+07
0.12225 0 0 0 1.08283e+07
0.12275 0 0 0 1.08283e+07
0.12325 0 0 0 1.08283e+07
0.12375 0 0 0 1.08283e+07
0.12425 0 0 0 1.08283e+07
0.12475 0 0 0 1.08283e+07
0.12525 0 0 0 1.08283e+07
0.12575 0 0 0 1.08283e+07
0.12625 0 0 0 1.08283e+07
0.12675 0 0 0 1.08283e+07
0.12725 0 0 0 1.08283e+07
0.12775 0 0 0 1.08283e+07
0.12825 0 0 0 1.08283e+07
0.12875 0 0 0 1.08283e+07
0.12925 0 0 0 1.08283e+07
0.12975 0 0 0 1.08283e+07
0.13025 0 0 0 1.08283e+07
0.13075 0 0 0 1.08283e+07
0.13125 0 0 0 1.08283e+07
0.13175 0 0 0 1.08283e+07
0.13225 0 0 0 1.08283e+07
0.13275 0 0 0 1.08283e+07
0.13325 0 0 0 1.08283e+07
0.13375 0 0 0 1.08283e+07
0.13425 0 0 0 1.08283e+07
0.13475 0 0 0 1.08283e+07
0.13525 0 0 0 1.08283e+07
0.13575 0 0 0 1.08283e+07
0.13625 0 0 0 1.08283e+07
0.13675 0 0 0 1.08283e+07
0.13725 0 0 0 1.08283e+07
0.13775 0 0 0 1.08283e+07
0.13825 0 0 0 1.08283e+07
0.13875 0 0 0 1.08283e+07
0.13925 0 0 0 1.08283e+07
0.13975 0 0 0 1.08283e+07
0.14025 0 0 0 1.08283e+07
0.14075 0 0 0 1.08283e+07
0.14125 0 0 0 1.08283e+07
0.14175 0 0 0 1.08283e+07
0.14225 0 0 0 1.08283e+07
0.14275 0 0 0 1.08283e+07
0.14325 0 0 0 1.08283e+07
0.14375 0 0 0 1.08283e+07
0.14425 0 0 0 1.08283e+07
0.14475 0 0 0 1.08283e+07
0.14525 0 0 0 1.08283e+07
0.14575 0 0 0 1.08283e+07
0.14625 0 0 0 1.08283e+07
0.14675 0 0 0 1.08283e+07
0.14725 0 0 0 1.08283e+07
0.14775 0 0 0 1.08283e+07
0.14825 0 0 0 1.08283e+07
0.14875 0 0 0 1.08283e+07
0.14925 0 0 0 1.08283e+07
0.14975 0 0 0 1.08283e+07
0.15025 0 0 0 1.08283e+07
0.15075 0 0 0 1.08283e+07
0.15125 0 0 0 1.08283e+07
0.15175 0 0 0 1.08283e+07
0.15225 0 0 0 1.08283e+07
0.15275 0 0 0 1.08283e+07
0.15325 0 0 0 1.08283e+07
0.15375 0 0 0 1.08283e+07
0.15425 0 0 0 1.08283e+07
0.15475 0 0 0 1.08283e+07
0.15525 0 0 0 1.08283e+07
0.15575 0 0 0 1.08283e+07
0.15625 0 0 0 1.08283e+07
0.15675 0 0 0 1.08283e+07
0.15725 0 0 0 1.08283e+07
0.15775 0 0 0 1.08283e+07
0.15825 0 0 0 1.08283e+07
0.15875 0 0 0 1.08283e+07
0.15925 0 0 0 1.08283e+07
0.15975 0 0 0 1.08283e+07
0.16025 0 0 0 1.08283e+07
0.16075 0 0 0 1.08283e+07
0.16125 0 0 0 1.08283e+07
0.16175 0 0 0 1.08283e+07
0.16225 0 0 0 1.08283e+07
0.16275 0 0 0 1.08283e+07
0.16325 0 0 0 1.08283e+07
0.16375 0 0 0 1.08283e+07
0.16425 0 0 0 1.08283e+07
0.16475 0 0 0 1.08283e+07
0.16525 0 0 0 1.08283e+07
0.16575 0 0 0 1.08283e+07
0.16625 0 0 0 1.08283e+07
0.16675 0 0 0 1.08283e+07
0.16725 0 0 0 1.08283e+07
0.16775 0 0 0 1.08283e+07
0.16825 0 0 0 1.08283e+07
0.16875 0 0 0 1.08283e+07
0.16925 0 0 0 1.08283e+07
0.16975 0 0 0 1.08283e+07
0.17025 0 0 0 1.08283e+07
0.17075 0 0 0 1.08283e+07
0.17125 0 0 0 1.08283e+07
0.17175 0 0 0 1.08283e+07
0.17225 0 0 0 1.08283e+07
0.17275 0 0 0 1.08283e+07
0.17325 0 0 0 1.08283e+07
0.17375 0 0 0 1.08283e+07
0.17425 0 0 0 1.08283e+07
0.17475 0 0 0 1.08283e+07
0.17525 0 0 0 1.08283e+07
0.17575 0 0 0 1.08283e+07
0.17625 0 0 0 1.08283e+07
0.17675 0 0 0 1.08283e+07
0.17725 0 0 0 1.08283e+07
0.17775 0 0 0 1.08283e+07
0.17825 0 0 0 1.08283e+07
0.17875 0 0 0 1.08283e+07
0.17925 0 0 0 1.08283e+07
0.17975 0 0 0 1.08283e+07
0.18025 0 0 0 1.08283e+07
0.18075 0 0 0 1.08283e+07
0.18125 0 0 0 1.08283e+07
0.18175 0 0 0 1.08283e+07
0.18225 0 0 0 1.08283e+07
0.18275 0 0 0 1.08283e+07
0.18325 0 0 0 1.08283e+07
0.18375 0 0 0 1.08283e+07
0.18425 0 0 0 1.08283e+07
0.18475 0 0 0 1.08283e+07
0.18525 0 0 0 1.08283e+07
0.18575 0 0 0 1.08283e+07
0.18625 0 0 0 1.08283e+07
0.18675 0 0 0 1.08283e+07
0.18725 0 0 0 1.08283e+07
0.18775 0 0 0 1.08283e+07
0.18825 0 0 0 1.08283e+07
0.18875 0 0 0 1.08283e+07
0.18925 0 0 0 1.08283e+07
0.18975 0 0 0 1.08283e+07
0.19025 0 0 0 1.08283e+07
0.19075 0 0 0 1.08283e+07
0.19125 0 0 0 1.08283e+07
0.19175 0 0 0 1.08283e+07
0.19225 0 0 0 1.08283e+07
0.19275 0 0 0 1.08283e+07
0.19325 0 0 0 1.08283e+07
0.19375 0 0 0 1.08283e+07
0.19425 0 0 0 1.08283e+07
0.19475 0 0 0 1.08283e+07
0.19525 0 0 0 1.08283e+07
0.19575 0 0 0 1.08283e+07
0.19625 0 0 0 1.08283e+07
0.19675 0 0 0 1.08283e+07
0.19725 0 0 0 1.08283e+07
0.19775 0 0 0 1.08283e+07
0.19825 0 0 0 1.08283e+07
0.19875 0 0 0 1.08283e+07
0.19925 0 0 0 1.08283e+07
0.19975 0 0 0 1.08283e+07
0.20025 0 0 0 1.08283e+07
0.20075 0 0 0 1.08283e+07
0.20125 0 0 0 1.08283e+07
0.20175 0 0 0 1.08283e+07
0.20225 0 0 0 1.08283e+07
0.20275 0 0 0 1.08283e+07
0.20325 0 0 0 1.08283e+07
0.20375 0 0 0 1.08283e+07
0.20425 0 0 0 1.08283e+07
0.20475 0 0 0 1.08283e+07
0.20525 0 0 0 1.08283e+07
0.20575 0 0 0 1.08283e+07
0.20625 0 0 0 1.08283e+07
0.20675 0 0 0 1.08283e+07
0.20725 0 0 0 1.08283e+07
0.20775 0 0 0 1.08283e+07
0.20825 0 0 0 1.08283e+07
0.20875 0 0 0 1.08283e+07
0.20925 0 0 0 1.08283e+07
0.20975 0 0 0 1.08283e+07
0.21025 0 0 0 1.08283e+07
0.21075 0 0 0 1.08283e+07
0.21125 0 0 0 1.08283e+07
0.21175 0 0 0 1.08283e+07
0.21225 0 0 0 1.08283e+07
0.21275 0 0 0 1.08283e+07
0.21325 0 0 0 1.08283e+07
0.21375 0 0 0 1.08283e+07
0.21425 0 0 0 1.08283e+07
0.21475 0 0 0 1.08283e+07
0.21525 0 0 0 1.08283e+07
0.21575 0 0 0 1.08283e+07
0.21625 0 0 0 1.08283e+07
0.21675 0 0 0 1.08283e+07
0.21725 0 0 0 1.08283e+07
0.21775 0 0 0 1.08283e+07
0.21825 0 0 0 1.08283e+07
0.21875 0 0 0 1.08283e+07
0.21925 0 0 0 1.08283e+07
0.21975 0 0 0 1.08283e+07
0.22025 0 0 0 1.08283e+07
0.22075 0 0 0 1.08283e+07
0.22125 0 0 0 1.08283e+07
0.22175 0 0 0 1.08283e+07
0.22225 0 0 0 1.08283e+07
0.22275 0 0 0 1.08283e+07
0.22325 0 0 0 1.08283e+07
0.22375 0 0 0 1.08283e+07
0.22425 0 0 0 1.08283e+07
0.22475 0 0 0 1.08283e+07
0.22525 0 0 0 1.08283e+07
0.22575 0 0 0 1.08283e+07
0.22625 0 0 0 1.08283e+07
0.22675 0 0 0 1.08283e+07
0.22725 0 0 0 1.08283e+07
0.22775 0 0 0 1.08283e+07
0.22825 0 0 0 1.08283e+07
0.22875 0 0 0 1.08283e+07
0.22925 0 0 0 1.08283e+07
0.22975 0 0 0 1.08283e+07
0.23025 0 0 0 1.08283e+07
0.23075 0 0 0 1.08283e+07
0.23125 0 0 0 1.08283e+07
0.23175 0 0 0 1.08283e+07
0.23225 0 0 0 1.08283e+07
0.23275 0 0 0 1.08283e+07
0.23325 0 0 0 1.08283e+07
0.23375 0 0 0 1.08283e+07
0.23425 0 0 0 1.08283e+07
0.23475 0 0 0 1.08283e+07
0.23525 0 0 0 1.08283e+07
0.23575 0 0 0 1.08283e+07
0.23625 0 0 0 1.08283e+07
0.23675 0 0 0 1.08283e+07
0.23725 0 0 0 1.08283e+07
0.23775 0 0 0 1.08283e+07
0.23825 0 0 0 1.08283e+07
0.23875 0 0 0 1.08283e+07
0.23925 0 0 0 1.08283e+07
0.23975 0 0 0 1.08283e+07
0.24025 0 0 0 1.08283e+07
0.24075 0 0 0 1.08283e+07
0.24125 0 0 0 1.08283e+07
0.24175 0 0 0 1.08283e+07
0.24225 0 0 0 1.08283e+07
0.24275 0 0 0 1.08283e+07
0.24325 0 0 0 1.08283e+07
0.24375 0 0 0 1.08283e+07
0.24425 0 0 0 1.08283e+07
0.24475 0 0 0 1.08283e+07
0.24525 0 0 0 1.08283e+07
0.24575 0 0 0 1.08283e+07
0.24625 0 0 0 1.08283e+07
0.24675 0 0 0 1.08283e+07
0.24725 0 0 0 1.08283e+07
0.24775 0 0 0 1.08283e+07
0.24825 0 0 0 1.08283e+07
0.24875 0 0 0 1.08283e+07
0.24925 0 0 0 1.08283e+07
0.24975 0 0 0 1.08283e+07
0.25025 0 0 0 1.08283e+07
0.25075 0 0 0 1.08283e+07
0.25125 0 0 0 1.08283e+07
0.25175 0 0 0 1.08283e+07
0.25225 0 0 0 1.08283e+07
0.25275 0 0 0 1.08283e+07
0.25325 0 0 0 1.08283e+07
0.25375 0 0 0 1.08283e+07
0.25425 0 0 0 1.08283e+07
0.25475 0 0 0 1.08283e+07
0.25525 0 0 0 1.08283e+07
0.25575 0 0 0 1.08283e+07
0.25625 0 0 0 1.08283e+07
0.25675 0 0 0 1.08283e+07
0.25725 0 0 0 1.08283e+07
0.25775 0 0 0 1.08283e+07
0.25825 0 0 0 1.08283e+07
0.25875 0 0 0 1.08283e+07
0.25925 0 0 0 1.08283e+07
0.25975 0 0 0 1.08283e+07
0.26025 0 0 0 1.08283e+07
0.26075 0 0 0 1.08283e+07
0.26125 0 0 0 1.08283e+07
0.26175 0 0 0 1.08283e+07
0.26225 0 0 0 1.08283e+07
0.26275 0 0 0 1.08283e+07
0.26325 0 0 0 1.08283e+07
0.26375 0 0 0 1.08283e+07
0.26425 0 0 0 1.08283e+07
0.26475 0 0 0 1.08283e+07
0.26525 0 0 0 1.08283e+07
0.26575 0 0 0 1.08283e+07
0.26625 0 0 0 1.08283e+07
0.26675 0 0 0 1.08283e+07
0.26725 0 0 0 1.08283e+07
0.26775 0 0 0 1.08283e+07
0.26825 0 0 0 1.08283e+07
0.26875 0 0 0 1.08283e+07
0.26925 0 0 0 1.08283e+07
0.26975 0 0 0 1.08283e+07
0.27025 0 0 0 1.08283e+07
0.27075 0 0 0 1.08283e+07
0.27125 0 0 0 1.08283e+07
0.27175 0 0 0 1.08283e+07
0.27225 0 0 0 1.08283e+07
0.27275 0 0 0 1.08283e+07
0.27325 0 0 0 1.08283e+07
0.27375 0 0 0 1.08283e+07
0.27425 0 0 0 1.08283e+07
0.27475 0 0 0 1.08283e+07
0.27525 0 0 0 1.08283e+07
0.27575 0 0 0 1.08283e+07
0.27625 0 0 0 1.08283e+07
0.27675 0 0 0 1.08283e+07
0.27725 0 0 0 1.08283e+07
0.27775 0 0 0 1.08283e+07
0.27825 0 0 0 1.08283e+07
0.27875 0 0 0 1.08283e+07
0.27925 0 0 0 1.08283e+07
0.27975 0 0 0 1.08283e+07
0.28025 0 0 0 1.08283e+07
0.28075 0 0 0 1.08283e+07
0.28125 0 0 0 1.08283e+07
0.28175 0 0 0 1.08283e+07
0.28225 0 0 0 1.08283e+07
0.28275 0 0 0 1.08283e+07
0.28325 0 0 0 1.08283e+07
0.28375 0 0 0 1.08283e+07
0.28425 0 0 0 1.08283e+07
0.28475 0 0 0 1.08283e+07
0.28525 0 0 0 1.08283e+07
0.28575 0 0 0 1.08283e+07
0.28625 0 0 0 1.08283e+07
0.28675 0 0 0 1.08283e+07
0.28725 0 0 0 1.08283e+07
0.28775 0 0 0 1.08283e+07
0.28825 0 0 0 1.08283e+07
0.28875 0 0 0 1.08283e+07
0.28925 0 0 0 1.08283e+07
0.28975 0 0 0 1.08283e+07
0.29025 0 0 0 1.08283e+07
0.29075 0 0 0 1.08283e+07
0.29125 0 0 0 1.08283e+07
0.29175 0 0 0 1.08283e+07
0.29225 0 0 0 1.08283e+07
0.29275 0 0 0 1.08283e+07
0.29325 0 0 0 1.08283e+07
0.29375 0 0 0 1.08283e+07
0.29425 0 0 0 1.08283e+07
0.29475 0 0 0 1.08283e+07
0.29525 0 0 0 1.08283e+07
0.29575 0 0 0 1.08283e+07
0.29625 0 0 0 1.08283e+07
0.29675 0 0 0 1.08283e+07
0.29725 0 0 0 1.08283e+07
0.29775 0 0 0 1.08283e+07
0.29825 0 0 0 1.08283e+07
0.29875 0 0 0 1.08283e+07
0.29925 0 0 0 1.08283e+07
0.29975 0 0 0 1.08283e+07
0.30025 0 0 0 1.08283e+07
0.30075 0 0 0 1.08283e+07
0.30125 0 0 0 1.08283e+07
0.30175 0 0 0 1.08283e+07
0.30225 0 0 0 1.08283e+07
0.30275 0 0 0 1.08283e+07
0.30325 0 0 0 1.08283e+07
0.30375 0 0 0 1.08283e+07
0.30425 0 0 0 1.08283e+07
0.30475 0 0 0 1.08283e+07
0.30525 0 0 0 1.08283e+07
0.30575 0 0 0 1.08283e+07
0.30625 0 0 0 1.08283e+07
0.30675 0 0 0 1.08283e+07
0.30725 0 0 0 1.08283e+07
0.30775 0 0 0 1.08283e+07
0.30825 0 0 0 1.08283e+07
0.30875 0 0 0 1.08283e+07
0.30925 0 0 0 1.08283e+07
0.30975 0 0 0 1.08283e+07
0.31025 0 0 0 1.08283e+07
0.31075 0 0 0 1.08283e+07
0.31125 0 0 0 1.08283e+07
0.31175 0 0 0 1.08283e+07
0.31225 0 0 0 1.08283e+07
0.31275 0 0 0 1.08283e+07
0.31325 0 0 0 1.08283e+07
0.31375 0 0 0 1.08283e+07
0.31425 0 0 0 1.08283e+07
0.31475 0 0 0 1.08283e+07
0.31525 0 0 0 1.08283e+07
0.31575 0 0 0 1.08283e+07
0.31625 0 0 0 1.08283e+07
0.31675 0 0 0 1.08283e+07
0.31725 0 0 0 1.08283e+07
0.31775 0 0 0 1.08283e+07
0.31825 0 0 0 1.08283e+07
0.31875 0 0 0 1.08283e+07
0.31925 0 0 0 1.08283e+07
0.31975 0 0 0 1.08283e+07
0.32025 0 0 0 1.08283e+07
0.32075 0 0 0 1.08283e+07
0.32125 0 0 0 1.08283e+07
0.32175 0 0 0 1.08283e+07
0.32225 0 0 0 1.08283e+07
0.32275 0 0 0 1.08283e+07
0.32325 0 0 0 1.08283e+07
0.32375 0 0 0 1.08283e+07
0.32425 0 0 0 1.08283e+07
0.32475 0 0 0 1.08283e+07
0.32525 0 0 0 1.08283e+07
0.32575 0 0 0 1.08283e+07
0.32625 0 0 0 1.08283e+07
0.32675 0 0 0 1.08283e+07
0.32725 0 0 0 1.08283e+07
0.32775 0 0 0 1.08283e+07
0.32825 0 0 0 1.08283e+07
0.32875 0 0 0 1.08283e+07
0.32925 0 0 0 1.08283e+07
0.32975 0 0 0 1.08283e+07
0.33025 0 0 0 1.08283e+07
0.33075 0 0 0 1.08283e+07
0.33125 0 0 0 1.08283e+07
0.33175 0 0 0 1.08283e+07
0.33225 0 0 0 1.08283e+07
0.33275 0 0 0 1.08283e+07
0.33325 0 0 0 1.08283e+07
0.33375 0 0 0 1.08283e+07
0.33425 0 0 0 1.08283e+07
0.33475 0 0 0 1.08283e+07
0.33525 0 0 0 1.08283e+07
0.33575 0 0 0 1.08283e+07
0.33625 0 0 0 1.08283e+07
0.33675 0 0 0 1.08283e+07
0.33725 0 0 0 1.08283e+07
0.33775 0 0 0 1.08283e+07
0.33825 0 0 0 1.08283e+07
0.33875 0 0 0 1.08283e+07
0.33925 0 0 0 1.08283e+07
0.33975 0 0 0 1.08283e+07
0.34025 0 0 0 1.08283e+07
0.34075 0 0 0 1.08283e+07
0.34125 0 0 0 1.08283e+07
0.34175 0 0 0 1.08283e+07
0.34225 0 0 0 1.08283e+07
0.34275 0 0 0 1.08283e+07
0.34325 0 0 0 1.08283e+07
0.34375 0 0 0 1.08283e+07
0.34425 0 0 0 1.08283e+07
0.34475 0 0 0 1.08283e+07
0.34525 0 0 0 1.08283e+07
0.34575 0 0 0 1.08283e+07
0.34625 0 0 0 1.08283e+07
0.34675 0 0 0 1.08283e+07
0.34725 0 0 0 1.08283e+07
0.34775 0 0 0 1.08283e+07
0.34825 0 0 0 1.08283e+07
0.34875 0 0 0 1.08283e+07
0.34925 0 0 0 1.08283e+07
0.34975 0 0 0 1.08283e+07
0.35025 0 0 0 1.08283e+07
0.35075 0 0 0 1.08283e+07
0.35125 0 0 0 1.08283e+07
0.35175 0 0 0 1.08283e+07
0.35225 0 0 0 1.08283e+07
0.35275 0 0 0 1.08283e+07
0.35325 0 0 0 1.08283e+07
0.35375 0 0 0 1.08283e+07
0.35425 0 0 0 1.08283e+07
0.35475 0 0 0 1.08283e+07
0.35525 0 0 0 1.08283e+07
0.35575 0 0 0 1.08283e+07
0.35625 0 0 0 1.08283e+07
0.35675 0 0 0 1.08283e+07
0.35725 0 0 0 1.08283e+07
0.35775 0 0 0 1.08283e+07
0.35825 0 0 0 1.08283e+07
0.35875 0 0 0 1.08283e+07
0.35925 0 0 0 1.08283e+07
0.35975 0 0 0 1.08283e+07
0.36025 0 0 0 1.08283e+07
0.36075 0 0 0 1.08283e+07
0.36125 0 0 0 1.08283e+07
0.36175 0 0 0 1.08283e+07
0.36225 0 0 0 1.08283e+07
0.36275 0 0 0 1.08283e+07
0.36325 0 0 0 1.08283e+07
0.36375 0 0 0 1.08283e+07
0.36425 0 0 0 1.08283e+07
0.36475 0 0 0 1.08283e+07
0.36525 0 0 0 1.08283e+07
0.36575 0 0 0 1.08283e+07
0.36625 0 0 0 1.08283e+07
0.36675 0 0 0 1.08283e+07
0.36725 0 0 0 1.08283e+07
0.36775 0 0 0 1.08283e+07
0.36825 0 0 0 1.08283e+07
0.36875 0 0 0 1.08283e+07
0.36925 0 0 0 1.08283e+07
0.36975 0 0 0 1.08283e+07
0.37025 0 0 0 1.08283e+07
0.37075 0 0 0 1.08283e+07
0.37125 0 0 0 1.08283e+07
0.37175 0 0 0 1.08283e+07
0.37225 0 0 0 1.08283e+07
0.37275 0 0 0 1.08283e+07
0.37325 0 0 0 1.08283e+07
0.37375 0 0 0 1.08283e+07
0.37425 0 0 0 1.08283e+07
0.37475 0 0 0 1.08283e+07
0.37525 0 0 0 1.08283e+07
0.37575 0 0 0 1.08283e+07
0.37625 0 0 0 1.08283e+07
0.37675 0 0 0 1.08283e+07
0.37725 0 0 0 1.08283e+07
0.37775 0 0 0 1.08283e+07
0.37825 0 0 0 1.08283e+07
0.37875 0 0 0 1.08283e+07
0.37925 0 0 0 1.08283e+07
0.37975 0 0 0 1.08283e+07
0.38025 0 0 0 1.08283e+07
0.38075 0 0 0 1.08283e+07
0.38125 0 0 0 1.08283e+07
0.38175 0 0 0 1.08283e+07
0.38225 0 0 0 1.08283e+07
0.38275 0 0 0 1.08283e+07
0.38325 0 0 0 1.08283e+07
0.38375 0 0 0 1.08283e+07
0.38425 0 0 0 1.08283e+07
0.38475 0 0 0 1.08283e+07
0.38525 0 0 0 1.08283e+07
0.38575 0 0 0 1.08283e+07
0.38625 0 0 0 1.08283e+07
0.38675 0 0 0 1.08283e+07
0.38725 0 0 0 1.08283e+07
0.38775 0 0 0 1.08283e+07
0.38825 0 0 0 1.08283e+07
0.38875 0 0 0 1.08283e+07
0.38925 0 0 0 1.08283e+07
0.38975 0 0 0 1.08283e+07
0.39025 0 0 0 1.08283e+07
0.39075 0 0 0 1.08283e+07
0.39125 0 0 0 1.08283e+07
0.39175 0 0 0 1.08283e+07
0.39225 0 0 0 1.08283e+07
0.39275 0 0 0 1.08283e+07
0.39325 0 0 0 1.08283e+07
0.39375 0 0 0 1.08283e+07
0.39425 0 0 0 1.08283e+07
0.39475 0 0 0 1.08283e+07
0.39525 0 0 0 1.08283e+07
0.39575 0 0 0 1.08283e+07
0.39625 0 0 0 1.08283e+07
0.39675 0 0 0 1.08283e+07
0.39725 0 0 0 1.08283e+07
0.39775 0 0 0 1.08283e+07
0.39825 0 0 0 1.08283e+07
0.39875 0 0 0 1.08283e+07
0.39925 0 0 0 1.08283e+07
0.39975 0 0 0 1.08283e+07
